0 25 -300
l
1064.2 983.2 -1900.4 1 1 1 1 1 1 1 1 1 0.1 0.001 1e-07 1 0 -1 0 1 0 10 20 1 1 
l
35.7999 -4.5 -133.8 1 1 0 0 1 1 0 0 1 0.1 1.05324e-07 0.0512725 1 -1.07374e+08 -1.07374e+08 -1.07374e+08 -1.07374e+08 0 0 0 1 1 
l
0 0 -24 1 1 1 1 1 1 1 1 1 -1.07374e+08 -1.07374e+08 -1.07374e+08 -1.07374e+08 -1.07374e+08 -1.07374e+08 -1.07374e+08 -1.07374e+08 0 0 0 1 0 
l
-20.4 -14.1999 -134 1 1 1 0 1 1 0 0 1 0.1 7.8505e-06 0.0325125 1 -1.07374e+08 -1.07374e+08 -1.07374e+08 -1.07374e+08 0 0 0 1 1 
l
42.1 -9.7 -154.2 1 0 1 0 1 1 0 0 1 0.1 1e-05 0.1 1 -1.07374e+08 -1.07374e+08 -1.07374e+08 -1.07374e+08 0 0 0 1 1 
l
0 -22.3999 -122.4 1 1 0 1 1 1 0 0 1 0.1 1e-05 0.00317659 1 -1.07374e+08 -1.07374e+08 -1.07374e+08 -1.07374e+08 1 0 0 1 1 
o
Ground Ground -172 -72 165 80 0 0 3 0 0 0 0 0 1 0 1
o
Tree Tree1 26 2.60001 -93.4 0 0 0 1 1 0 0 0 0 1 0 1
o
Horse Horse 16 -17 -127.699 -0.7 1.5 0.4 5 0 0 0 0 0 1 0 1
o
Adventurer Adventurer 1.3 -28.5 -133.4 -14.5 0 2.3 0.2 0 0 0 0 0 1 0 1
o
Goblin Goblin1 41.7999 -8.39996 -129 -9.8 2.2 0 11.7 0 0 0 0 0 1 0 1
o
Goblin Goblin2 -22.2 -15.5 -122 -3.6 3.7 0 11.8 0 0 0 0 0 1 0 1
o
Goblin Goblin3 -13.9 -13.0999 -90.0998 -3.4 3.5 0 11.3 0 0 0 0 0 1 0 1
o
Goblin Goblin4 47.8 -11.5 -150 -9.7 1.7 0 10.7 0 0 0 0 0 1 0 1
o
Tree Tree2 -3.7 -24.3 -56 0 0 0 1 0 0 0 0 0 1 0 1
o
Tree Tree3 63 -22 -127 0 0 0 1 0 0 0 0 0 1 0 1
o
Tree Tree4 -32 -32 -127 0 0 0 1 0 0 0 0 0 1 0 1
o
ISO_Sphere_1 Debug_Sphere_1 1064.2 983.2 -1900.4 0 0 0 1 1 1 1 1 1 1 1 1
o
ISO_Sphere_1 Debug_Sphere_2 1064.2 983.2 -1900.4 0 0 0 1110.84 1 1 1 0 0 1 1 1
o
ISO_Sphere_1 Debug_Sphere_3 1064.2 983.2 -1900.4 0 0 0 1630.86 1 1 0 1 0 1 1 1
o
ISO_Sphere_1 Debug_Sphere_4 1064.2 983.2 -1900.4 0 0 0 3007.81 1 1 0 1 1 1 1 1
o
ISO_Sphere_1 Debug_Sphere_5 1064.2 983.2 -1900.4 0 0 0 9843.75 1 1 0 1 1 1 1 1
